[id][cost,state,father_id,action,depth,h,value]
[0](0,(0, 0),None,None,0,8,0)
[1](3,(1, 0),0,S,1,7,0.5)
[3](5,(1, 1),1,E,2,6,0.333333333333333314829616256247390992939472198486328125)
[5](9,(0, 1),3,N,3,7,0.25)
[9](10,(0, 2),5,E,4,6,0.200000000000000011102230246251565404236316680908203125)
[11](11,(1, 2),9,S,5,5,0.1666666666666666574148081281236954964697360992431640625)
[14](13,(1, 3),11,E,6,4,0.142857142857142849212692681248881854116916656494140625)
[18](15,(1, 4),14,E,7,3,0.125)
[23](18,(2, 4),18,S,8,2,0.111111111111111104943205418749130330979824066162109375)
[27](19,(2, 3),23,O,9,3,0.1000000000000000055511151231257827021181583404541015625)
[31](20,(2, 2),27,O,10,4,0.0909090909090909116141432377844466827809810638427734375)
[35](21,(2, 1),31,O,11,5,0.08333333333333332870740406406184774823486804962158203125)
[38](22,(2, 0),35,O,12,6,0.076923076923076927347011633173679001629352569580078125)
[41](25,(3, 0),38,S,13,5,0.0714285714285714246063463406244409270584583282470703125)
[43](26,(3, 1),41,E,14,4,0.06666666666666666574148081281236954964697360992431640625)
[45](28,(3, 2),43,E,15,3,0.0625)
[49](30,(3, 3),45,E,16,2,0.05882352941176470506601248189326724968850612640380859375)
[53](32,(3, 4),49,E,17,1,0.0555555555555555524716027093745651654899120330810546875)
[56](36,(4, 4),53,S,18,0,0.052631578947368418130992040460114367306232452392578125)
